기간	자치구	행정동	세대	인구	인구	인구	인구	인구	인구	인구	인구	인구	세대당인구	65세이상고령자
기간	자치구	행정동	세대	합계	합계	합계	한국인	한국인	한국인	외국인	외국인	외국인	세대당인구	65세이상고령자
기간	자치구	행정동	세대	계	남자	여자	계	남자	여자	계	남자	여자	세대당인구	65세이상고령자
2019	합계	합계	4,327,605	10,010,983	4,877,725	5,133,258	9,729,107	4,744,059	4,985,048	281,876	133,666	148,210	2.25	1,485,272
2019	종로구	소계	73,947	161,869	78,215	83,654	151,290	73,746	77,544	10,579	4,469	6,110	2.05	27,519
2019	종로구	사직동	4,621	9,815	4,455	5,360	9,535	4,297	5,238	280	158	122	2.06	1,778
2019	종로구	삼청동	1,396	2,997	1,439	1,558	2,758	1,326	1,432	239	113	126	1.98	664
2019	종로구	부암동	4,298	10,551	5,045	5,506	10,100	4,826	5,274	451	219	232	2.35	1,762
2019	종로구	평창동	7,520	18,816	8,812	10,004	18,659	8,739	9,920	157	73	84	2.48	3,263
2019	종로구	무악동	3,187	8,740	4,078	4,662	8,695	4,060	4,635	45	18	27	2.73	1,413
2019	종로구	교남동	4,583	10,708	4,983	5,725	10,562	4,915	5,647	146	68	78	2.3	1,564
2019	종로구	가회동	2,068	4,488	2,084	2,404	4,383	2,026	2,357	105	58	47	2.12	919
2019	종로구	종로1.2.3.4가동	5,210	8,446	4,885	3,561	7,227	4,300	2,927	1,219	585	634	1.39	1,900
2019	종로구	종로5·6가동	3,368	5,839	3,173	2,666	5,343	2,910	2,433	496	263	233	1.59	1,117
2019	종로구	이화동	4,441	8,470	3,896	4,574	7,847	3,698	4,149	623	198	425	1.77	1,377
2019	종로구	창신1동	2,936	6,079	3,252	2,827	5,243	2,820	2,423	836	432	404	1.79	1,214
2019	종로구	창신2동	4,121	9,799	4,974	4,825	8,550	4,366	4,184	1,249	608	641	2.07	1,708
2019	종로구	창신3동	2,903	7,271	3,588	3,683	7,106	3,506	3,600	165	82	83	2.45	1,198
2019	종로구	숭인1동	2,962	6,532	3,196	3,336	6,189	3,044	3,145	343	152	191	2.09	1,159
2019	종로구	숭인2동	5,739	9,902	4,987	4,915	9,434	4,821	4,613	468	166	302	1.64	1,653
2019	종로구	청운효자동	5,356	12,981	6,076	6,905	12,734	5,939	6,795	247	137	110	2.38	2,202
2019	종로구	혜화동	9,238	20,435	9,292	11,143	16,925	8,153	8,772	3,510	1,139	2,371	1.83	2,628
2019	중구	소계	62,739	136,488	66,823	69,665	126,171	61,910	64,261	10,317	4,913	5,404	2.01	23,275
2019	중구	소공동	1,104	3,059	1,550	1,509	2,050	1,000	1,050	1,009	550	459	1.86	284
2019	중구	회현동	3,142	5,850	3,170	2,680	5,245	2,837	2,408	605	333	272	1.67	1,470
2019	중구	명동	1,532	3,567	1,573	1,994	2,936	1,235	1,701	631	338	293	1.92	750
2019	중구	필동	2,297	5,020	2,478	2,542	3,995	2,058	1,937	1,025	420	605	1.74	820
2019	중구	장충동	2,696	5,628	2,779	2,849	4,708	2,399	2,309	920	380	540	1.75	810
2019	중구	광희동	2,960	6,284	3,299	2,985	4,905	2,600	2,305	1,379	699	680	1.66	1,172
2019	중구	을지로동	1,339	2,007	1,202	805	1,802	1,103	699	205	99	106	1.35	489
2019	중구	신당5동	5,291	10,929	5,339	5,590	10,554	5,173	5,381	375	166	209	1.99	1,690
2019	중구	황학동	6,832	13,689	6,584	7,105	12,650	6,097	6,553	1,039	487	552	1.85	1,912
2019	중구	중림동	5,833	12,942	6,484	6,458	12,622	6,314	6,308	320	170	150	2.16	2,014
2019	중구	신당동	4,419	9,234	4,520	4,714	7,526	3,761	3,765	1,708	759	949	1.7	1,361
2019	중구	다산동	6,961	15,035	7,282	7,753	14,526	7,072	7,454	509	210	299	2.09	2,566
2019	중구	약수동	7,803	17,734	8,369	9,365	17,525	8,260	9,265	209	109	100	2.25	3,598
2019	중구	청구동	6,377	14,515	6,906	7,609	14,297	6,791	7,506	218	115	103	2.24	2,602
2019	중구	동화동	4,153	10,995	5,288	5,707	10,830	5,210	5,620	165	78	87	2.61	1,737
2019	용산구	소계	110,126	245,185	119,599	125,586	228,670	110,356	118,314	16,515	9,243	7,272	2.08	38,791
2019	용산구	후암동	8,576	18,445	8,987	9,458	17,896	8,704	9,192	549	283	266	2.09	3,005
2019	용산구	용산2가동	5,421	11,836	5,807	6,029	10,402	5,036	5,366	1,434	771	663	1.92	2,073
2019	용산구	남영동	5,411	8,412	5,061	3,351	7,771	4,746	3,025	641	315	326	1.44	1,611
2019	용산구	원효로2동	6,006	14,718	6,926	7,792	14,562	6,857	7,705	156	69	87	2.42	2,370
2019	용산구	효창동	4,270	10,300	4,921	5,379	10,178	4,859	5,319	122	62	60	2.38	1,421
2019	용산구	용문동	5,364	12,587	6,026	6,561	12,444	5,960	6,484	143	66	77	2.32	2,023
2019	용산구	이촌1동	10,267	29,255	13,756	15,499	28,342	13,275	15,067	913	481	432	2.76	4,412
2019	용산구	이촌2동	3,855	9,005	4,250	4,755	8,900	4,205	4,695	105	45	60	2.31	1,737
2019	용산구	이태원1동	3,761	9,222	4,842	4,380	6,861	3,233	3,628	2,361	1,609	752	1.82	1,580
2019	용산구	이태원2동	4,875	10,811	5,106	5,705	9,254	4,287	4,967	1,557	819	738	1.9	1,885
2019	용산구	서빙고동	5,269	14,102	6,811	7,291	13,329	6,415	6,914	773	396	377	2.53	2,060
2019	용산구	보광동	7,599	15,862	8,079	7,783	14,285	7,009	7,276	1,577	1,070	507	1.88	2,730
2019	용산구	청파동	10,730	20,661	9,669	10,992	19,831	9,399	10,432	830	270	560	1.85	3,300
2019	용산구	원효로1동	7,848	16,630	8,057	8,573	15,991	7,728	8,263	639	329	310	2.04	1,941
2019	용산구	한강로동	9,772	19,635	9,565	10,070	17,990	8,683	9,307	1,645	882	763	1.84	3,053
2019	용산구	한남동	11,102	23,704	11,736	11,968	20,634	9,960	10,674	3,070	1,776	1,294	1.86	3,590
2019	성동구	소계	135,838	308,979	150,861	158,118	300,889	147,273	153,616	8,090	3,588	4,502	2.22	43,947
2019	성동구	왕십리2동	7,587	17,744	8,627	9,117	17,330	8,435	8,895	414	192	222	2.28	2,483
2019	성동구	마장동	10,856	24,035	11,755	12,280	23,304	11,484	11,820	731	271	460	2.15	3,661
2019	성동구	사근동	7,435	13,543	6,721	6,822	11,702	6,011	5,691	1,841	710	1,131	1.57	1,453
2019	성동구	행당1동	7,270	16,463	7,966	8,497	15,993	7,764	8,229	470	202	268	2.2	2,324
2019	성동구	행당2동	9,454	24,640	11,580	13,060	24,554	11,544	13,010	86	36	50	2.6	3,575
2019	성동구	응봉동	6,171	16,188	7,674	8,514	16,120	7,649	8,471	68	25	43	2.61	2,456
2019	성동구	금호1가동	6,630	15,954	7,637	8,317	15,853	7,589	8,264	101	48	53	2.39	2,372
2019	성동구	금호4가동	6,461	15,227	7,305	7,922	15,078	7,233	7,845	149	72	77	2.33	2,222
2019	성동구	성수1가1동	7,591	17,168	8,606	8,562	16,831	8,421	8,410	337	185	152	2.22	2,079
2019	성동구	성수1가2동	6,800	14,735	7,320	7,415	14,338	7,132	7,206	397	188	209	2.11	1,943
2019	성동구	성수2가1동	8,493	17,722	9,213	8,509	17,072	8,906	8,166	650	307	343	2.01	2,736
2019	성동구	성수2가3동	5,675	11,682	5,971	5,711	11,342	5,785	5,557	340	186	154	2	1,768
2019	성동구	송정동	5,506	11,428	6,036	5,392	10,960	5,797	5,163	468	239	229	1.99	1,678
2019	성동구	용답동	6,790	13,290	6,962	6,328	12,232	6,496	5,736	1,058	466	592	1.8	2,124
2019	성동구	왕십리도선동	11,770	27,767	13,239	14,528	27,270	13,024	14,246	497	215	282	2.32	3,484
2019	성동구	금호2.3가동	10,334	24,171	11,503	12,668	23,964	11,408	12,556	207	95	112	2.32	3,783
2019	성동구	옥수동	11,015	27,222	12,746	14,476	26,946	12,595	14,351	276	151	125	2.45	3,806
2019	광진구	소계	164,428	366,972	176,917	190,055	351,350	170,262	181,088	15,622	6,655	8,967	2.14	47,902
2019	광진구	화양동	16,154	25,537	11,661	13,876	22,057	10,496	11,561	3,480	1,165	2,315	1.37	2,245
2019	광진구	군자동	10,698	22,109	10,864	11,245	19,866	9,815	10,051	2,243	1,049	1,194	1.86	2,845
2019	광진구	중곡1동	8,035	16,287	7,950	8,337	15,832	7,755	8,077	455	195	260	1.97	2,371
2019	광진구	중곡2동	10,477	22,564	10,787	11,777	22,225	10,645	11,580	339	142	197	2.12	3,054
2019	광진구	중곡3동	8,461	17,315	8,559	8,756	17,062	8,469	8,593	253	90	163	2.02	2,640
2019	광진구	중곡4동	13,239	30,516	15,005	15,511	30,115	14,852	15,263	401	153	248	2.27	4,731
2019	광진구	능동	6,335	11,978	5,538	6,440	11,595	5,348	6,247	383	190	193	1.83	1,530
2019	광진구	구의1동	11,830	23,063	11,009	12,054	22,319	10,677	11,642	744	332	412	1.89	2,965
2019	광진구	구의2동	11,649	27,902	13,443	14,459	27,444	13,239	14,205	458	204	254	2.36	4,031
2019	광진구	구의3동	12,145	30,094	14,354	15,740	29,793	14,208	15,585	301	146	155	2.45	3,734
2019	광진구	광장동	12,008	36,083	17,438	18,645	35,893	17,351	18,542	190	87	103	2.99	3,500
2019	광진구	자양1동	11,510	24,156	11,611	12,545	23,045	11,124	11,921	1,111	487	624	2	3,229
2019	광진구	자양2동	11,233	26,893	13,177	13,716	26,460	12,971	13,489	433	206	227	2.36	3,696
2019	광진구	자양3동	11,049	29,475	14,172	15,303	29,190	14,048	15,142	285	124	161	2.64	3,782
2019	광진구	자양4동	9,605	23,000	11,349	11,651	18,454	9,264	9,190	4,546	2,085	2,461	1.92	3,549
2019	동대문구	소계	164,191	363,023	178,490	184,533	346,194	172,113	174,081	16,829	6,377	10,452	2.11	59,350
2019	동대문구	회기동	6,038	13,114	5,903	7,211	10,321	4,919	5,402	2,793	984	1,809	1.71	1,502
2019	동대문구	휘경1동	7,516	16,508	7,973	8,535	14,542	7,228	7,314	1,966	745	1,221	1.93	2,428
2019	동대문구	휘경2동	11,530	25,068	12,356	12,712	24,330	12,090	12,240	738	266	472	2.11	3,753
2019	동대문구	청량리동	10,438	21,808	10,910	10,898	21,157	10,610	10,547	651	300	351	2.03	5,198
2019	동대문구	용신동	17,256	32,144	16,387	15,757	30,608	15,717	14,891	1,536	670	866	1.77	5,472
2019	동대문구	제기동	12,988	27,364	13,677	13,687	24,934	12,774	12,160	2,430	903	1,527	1.92	5,456
2019	동대문구	전농1동	15,017	31,075	15,583	15,492	30,538	15,365	15,173	537	218	319	2.03	5,360
2019	동대문구	전농2동	7,735	19,990	9,509	10,481	19,500	9,336	10,164	490	173	317	2.52	3,488
2019	동대문구	답십리1동	12,682	29,783	14,450	15,333	29,352	14,265	15,087	431	185	246	2.31	3,893
2019	동대문구	답십리2동	12,948	30,486	14,883	15,603	30,158	14,733	15,425	328	150	178	2.33	5,270
2019	동대문구	장안1동	17,569	39,153	19,499	19,654	38,503	19,226	19,277	650	273	377	2.19	5,919
2019	동대문구	장안2동	13,573	33,045	16,512	16,533	32,724	16,382	16,342	321	130	191	2.41	4,731
2019	동대문구	이문1동	10,443	22,311	10,544	11,767	18,845	9,379	9,466	3,466	1,165	2,301	1.8	3,221
2019	동대문구	이문2동	8,458	21,174	10,304	10,870	20,682	10,089	10,593	492	215	277	2.45	3,659
2019	중랑구	소계	181,579	402,024	199,006	203,018	397,015	196,959	200,056	5,009	2,047	2,962	2.19	65,164
2019	중랑구	면목2동	12,239	25,942	12,950	12,992	25,597	12,821	12,776	345	129	216	2.09	4,224
2019	중랑구	면목4동	9,254	20,052	9,959	10,093	19,755	9,843	9,912	297	116	181	2.13	3,528
2019	중랑구	면목5동	4,553	9,825	5,011	4,814	9,700	4,963	4,737	125	48	77	2.13	1,606
2019	중랑구	면목7동	10,191	22,200	11,054	11,146	21,872	10,923	10,949	328	131	197	2.15	3,939
2019	중랑구	상봉1동	10,252	25,499	12,447	13,052	25,334	12,389	12,945	165	58	107	2.47	3,444
2019	중랑구	상봉2동	11,061	19,844	9,678	10,166	19,511	9,539	9,972	333	139	194	1.76	2,806
2019	중랑구	중화1동	9,011	20,916	10,283	10,633	20,726	10,207	10,519	190	76	114	2.3	3,269
2019	중랑구	중화2동	14,069	27,274	14,043	13,231	26,720	13,784	12,936	554	259	295	1.9	4,778
2019	중랑구	묵1동	14,594	36,016	17,508	18,508	35,836	17,449	18,387	180	59	121	2.46	5,412
2019	중랑구	묵2동	9,176	19,901	9,771	10,130	19,664	9,684	9,980	237	87	150	2.14	3,247
2019	중랑구	망우3동	8,443	17,941	9,006	8,935	17,574	8,859	8,715	367	147	220	2.08	3,094
2019	중랑구	신내1동	14,852	40,854	19,959	20,895	40,717	19,893	20,824	137	66	71	2.74	6,265
2019	중랑구	신내2동	9,053	21,905	10,478	11,427	21,816	10,447	11,369	89	31	58	2.41	3,653
2019	중랑구	면목본동	17,631	36,195	17,948	18,247	35,341	17,576	17,765	854	372	482	2	5,729
2019	중랑구	면목3.8동	12,535	26,589	13,234	13,355	26,141	13,052	13,089	448	182	266	2.09	4,657
2019	중랑구	망우본동	14,665	31,071	15,677	15,394	30,711	15,530	15,181	360	147	213	2.09	5,513
2019	성북구	소계	192,592	454,744	219,099	235,645	442,650	214,437	228,213	12,094	4,662	7,432	2.3	70,850
2019	성북구	돈암1동	6,261	15,921	7,442	8,479	15,818	7,405	8,413	103	37	66	2.53	2,736
2019	성북구	돈암2동	8,617	25,028	11,979	13,049	24,928	11,931	12,997	100	48	52	2.89	3,249
2019	성북구	안암동	9,172	17,502	8,563	8,939	15,406	7,833	7,573	2,096	730	1,366	1.68	2,157
2019	성북구	보문동	7,925	16,653	8,036	8,617	16,281	7,881	8,400	372	155	217	2.05	2,340
2019	성북구	정릉1동	7,466	19,455	9,347	10,108	18,941	9,192	9,749	514	155	359	2.54	2,943
2019	성북구	정릉2동	9,639	23,834	11,608	12,226	23,549	11,501	12,048	285	107	178	2.44	4,182
2019	성북구	정릉3동	7,728	17,233	8,511	8,722	15,635	7,781	7,854	1,598	730	868	2.02	3,166
2019	성북구	정릉4동	10,991	26,792	12,962	13,830	26,391	12,807	13,584	401	155	246	2.4	4,596
2019	성북구	길음1동	12,809	37,082	17,659	19,423	36,881	17,577	19,304	201	82	119	2.88	4,264
2019	성북구	길음2동	6,829	16,620	8,069	8,551	16,486	8,011	8,475	134	58	76	2.41	2,378
2019	성북구	월곡1동	10,819	27,523	13,310	14,213	27,325	13,238	14,087	198	72	126	2.53	4,419
2019	성북구	월곡2동	9,233	20,509	9,913	10,596	19,947	9,654	10,293	562	259	303	2.16	3,410
2019	성북구	장위1동	8,972	20,592	10,068	10,524	20,388	10,002	10,386	204	66	138	2.27	3,581
2019	성북구	장위2동	6,262	13,972	6,943	7,029	13,732	6,834	6,898	240	109	131	2.19	3,037
2019	성북구	장위3동	7,106	17,580	8,770	8,810	17,366	8,671	8,695	214	99	115	2.44	2,338
2019	성북구	성북동	8,076	17,584	8,234	9,350	17,054	8,023	9,031	530	211	319	2.11	3,016
2019	성북구	삼선동	12,338	26,013	12,425	13,588	25,337	12,142	13,195	676	283	393	2.05	3,994
2019	성북구	동선동	9,057	16,276	6,739	9,537	15,425	6,512	8,913	851	227	624	1.7	2,201
2019	성북구	종암동	17,115	42,068	20,460	21,608	40,190	19,820	20,370	1,878	640	1,238	2.35	6,317
2019	성북구	석관동	16,177	36,507	18,061	18,446	35,570	17,622	17,948	937	439	498	2.2	6,526
2019	강북구	소계	144,277	317,695	154,638	163,057	313,954	153,235	160,719	3,741	1,403	2,338	2.18	60,577
2019	강북구	번1동	10,227	19,614	9,715	9,899	19,204	9,568	9,636	410	147	263	1.88	3,427
2019	강북구	번2동	7,634	17,102	8,303	8,799	16,967	8,263	8,704	135	40	95	2.22	3,813
2019	강북구	번3동	7,581	18,251	8,604	9,647	18,165	8,587	9,578	86	17	69	2.4	4,445
2019	강북구	수유1동	10,360	21,841	10,779	11,062	21,568	10,686	10,882	273	93	180	2.08	4,201
2019	강북구	수유2동	9,607	21,939	10,522	11,417	21,798	10,478	11,320	141	44	97	2.27	4,471
2019	강북구	수유3동	12,676	24,064	11,959	12,105	23,684	11,821	11,863	380	138	242	1.87	4,346
2019	강북구	삼양동	11,489	25,537	12,683	12,854	25,345	12,614	12,731	192	69	123	2.21	4,713
2019	강북구	미아동	11,348	22,814	10,933	11,881	22,289	10,720	11,569	525	213	312	1.96	4,243
2019	강북구	송중동	13,850	31,153	15,009	16,144	30,549	14,765	15,784	604	244	360	2.21	5,722
2019	강북구	송천동	13,721	28,628	14,211	14,417	28,141	13,998	14,143	487	213	274	2.05	5,817
2019	강북구	삼각산동	11,751	32,900	15,818	17,082	32,767	15,767	17,000	133	51	82	2.79	4,154
2019	강북구	우이동	9,489	21,391	10,393	10,998	21,247	10,330	10,917	144	63	81	2.24	4,557
2019	강북구	인수동	14,544	32,461	15,709	16,752	32,230	15,638	16,592	231	71	160	2.22	6,668
2019	도봉구	소계	138,508	335,631	163,961	171,670	333,362	163,051	170,311	2,269	910	1,359	2.41	58,714
2019	도봉구	쌍문1동	9,322	22,364	10,788	11,576	22,112	10,706	11,406	252	82	170	2.37	4,176
2019	도봉구	쌍문2동	8,635	20,025	9,717	10,308	19,825	9,598	10,227	200	119	81	2.3	3,639
2019	도봉구	쌍문3동	7,842	17,262	8,325	8,937	17,086	8,262	8,824	176	63	113	2.18	3,247
2019	도봉구	쌍문4동	7,170	19,811	9,441	10,370	19,766	9,424	10,342	45	17	28	2.76	2,743
2019	도봉구	방학1동	12,784	30,056	14,875	15,181	29,761	14,766	14,995	295	109	186	2.33	5,302
2019	도봉구	방학2동	9,562	21,140	10,677	10,463	20,950	10,599	10,351	190	78	112	2.19	4,083
2019	도봉구	방학3동	10,084	28,782	14,013	14,769	28,703	13,990	14,713	79	23	56	2.85	4,436
2019	도봉구	창1동	10,922	26,271	12,589	13,682	26,101	12,518	13,583	170	71	99	2.39	4,235
2019	도봉구	창2동	12,359	30,498	14,941	15,557	30,217	14,814	15,403	281	127	154	2.44	4,750
2019	도봉구	창3동	6,661	14,777	7,395	7,382	14,678	7,355	7,323	99	40	59	2.2	2,762
2019	도봉구	창4동	10,592	27,873	13,445	14,428	27,774	13,393	14,381	99	52	47	2.62	3,889
2019	도봉구	창5동	10,111	25,802	12,404	13,398	25,684	12,370	13,314	118	34	84	2.54	4,018
2019	도봉구	도봉1동	10,285	22,293	11,267	11,026	22,141	11,216	10,925	152	51	101	2.15	5,387
2019	도봉구	도봉2동	12,179	28,677	14,084	14,593	28,564	14,040	14,524	113	44	69	2.35	6,047
2019	노원구	소계	216,966	537,303	259,810	277,493	532,905	257,923	274,982	4,398	1,887	2,511	2.46	80,923
2019	노원구	월계1동	10,476	23,883	12,291	11,592	23,200	11,943	11,257	683	348	335	2.21	4,076
2019	노원구	월계2동	11,715	27,289	13,134	14,155	27,140	13,093	14,047	149	41	108	2.32	5,260
2019	노원구	월계3동	12,955	31,593	15,151	16,442	31,396	15,077	16,319	197	74	123	2.42	5,610
2019	노원구	공릉2동	16,299	41,071	20,038	21,033	40,443	19,750	20,693	628	288	340	2.48	4,904
2019	노원구	하계1동	12,215	29,305	14,150	15,155	28,687	13,856	14,831	618	294	324	2.35	4,086
2019	노원구	하계2동	8,267	23,318	11,150	12,168	23,258	11,129	12,129	60	21	39	2.81	2,995
2019	노원구	중계본동	8,890	25,875	12,681	13,194	25,804	12,651	13,153	71	30	41	2.9	2,546
2019	노원구	중계1동	9,107	28,061	13,735	14,326	27,979	13,698	14,281	82	37	45	3.07	2,229
2019	노원구	중계4동	8,463	21,324	10,311	11,013	21,259	10,289	10,970	65	22	43	2.51	3,806
2019	노원구	상계1동	15,566	40,121	19,497	20,624	39,955	19,442	20,513	166	55	111	2.57	6,458
2019	노원구	상계2동	8,779	21,220	10,474	10,746	21,044	10,398	10,646	176	76	100	2.4	3,115
2019	노원구	상계5동	10,922	25,483	12,403	13,080	25,335	12,348	12,987	148	55	93	2.32	4,787
2019	노원구	상계8동	9,260	23,953	11,536	12,417	23,904	11,527	12,377	49	9	40	2.58	2,653
2019	노원구	상계9동	8,444	21,919	10,458	11,461	21,825	10,436	11,389	94	22	72	2.58	3,149
2019	노원구	상계10동	6,605	16,619	7,662	8,957	16,555	7,633	8,922	64	29	35	2.51	2,138
2019	노원구	상계3.4동	11,540	25,818	12,835	12,983	25,697	12,801	12,896	121	34	87	2.23	5,657
2019	노원구	상계6.7동	13,988	34,648	16,115	18,533	34,492	16,058	18,434	156	57	99	2.47	4,593
2019	노원구	중계2.3동	15,388	36,763	17,066	19,697	36,609	17,009	19,600	154	57	97	2.38	6,914
2019	노원구	공릉1동	18,087	39,040	19,123	19,917	38,323	18,785	19,538	717	338	379	2.12	5,947
2019	은평구	소계	207,681	484,546	233,360	251,186	480,032	231,528	248,504	4,514	1,832	2,682	2.31	80,738
2019	은평구	녹번동	17,107	38,411	18,419	19,992	37,959	18,213	19,746	452	206	246	2.22	6,599
2019	은평구	불광1동	17,896	40,917	19,429	21,488	40,610	19,298	21,312	307	131	176	2.27	7,446
2019	은평구	갈현1동	11,203	24,536	11,977	12,559	24,288	11,860	12,428	248	117	131	2.17	4,276
2019	은평구	갈현2동	12,623	30,150	14,355	15,795	29,771	14,208	15,563	379	147	232	2.36	4,697
2019	은평구	구산동	13,202	33,804	16,827	16,977	33,570	16,725	16,845	234	102	132	2.54	5,827
2019	은평구	대조동	13,818	27,910	13,106	14,804	27,522	12,952	14,570	388	154	234	1.99	4,844
2019	은평구	응암1동	11,428	25,654	12,256	13,398	25,338	12,136	13,202	316	120	196	2.22	4,058
2019	은평구	응암2동	9,981	25,466	12,443	13,023	25,241	12,348	12,893	225	95	130	2.53	3,356
2019	은평구	신사1동	11,743	28,570	13,808	14,762	28,320	13,720	14,600	250	88	162	2.41	4,655
2019	은평구	신사2동	9,207	21,875	10,934	10,941	21,727	10,885	10,842	148	49	99	2.36	3,670
2019	은평구	증산동	6,907	16,172	7,942	8,230	16,027	7,884	8,143	145	58	87	2.32	2,979
2019	은평구	수색동	3,832	8,952	4,470	4,482	8,878	4,440	4,438	74	30	44	2.32	1,735
2019	은평구	진관동	21,553	58,006	27,248	30,758	57,761	27,149	30,612	245	99	146	2.68	7,590
2019	은평구	불광2동	13,844	29,552	14,386	15,166	29,249	14,253	14,996	303	133	170	2.11	5,614
2019	은평구	응암3동	12,597	26,081	12,746	13,335	25,700	12,600	13,100	381	146	235	2.04	5,423
2019	은평구	역촌동	20,740	48,490	23,014	25,476	48,071	22,857	25,214	419	157	262	2.32	7,969
2019	서대문구	소계	140,157	323,171	153,215	169,956	309,397	148,663	160,734	13,774	4,552	9,222	2.21	52,074
2019	서대문구	천연동	8,188	18,704	8,920	9,784	18,393	8,765	9,628	311	155	156	2.25	3,243
2019	서대문구	홍제1동	10,327	24,997	11,760	13,237	24,701	11,629	13,072	296	131	165	2.39	4,293
2019	서대문구	홍제3동	7,115	16,420	7,985	8,435	16,245	7,913	8,332	175	72	103	2.28	3,448
2019	서대문구	홍제2동	5,830	14,570	6,924	7,646	14,444	6,869	7,575	126	55	71	2.48	2,586
2019	서대문구	홍은1동	9,335	22,902	11,107	11,795	22,556	10,950	11,606	346	157	189	2.42	4,305
2019	서대문구	홍은2동	12,177	28,394	13,768	14,626	27,571	13,428	14,143	823	340	483	2.26	4,856
2019	서대문구	남가좌1동	6,086	16,918	8,160	8,758	16,602	8,029	8,573	316	131	185	2.73	2,167
2019	서대문구	남가좌2동	11,246	25,947	12,373	13,574	24,939	12,024	12,915	1,008	349	659	2.22	4,265
2019	서대문구	북가좌1동	7,015	19,160	9,273	9,887	19,010	9,216	9,794	150	57	93	2.71	2,861
2019	서대문구	북가좌2동	14,756	33,810	16,399	17,411	33,436	16,255	17,181	374	144	230	2.27	6,009
2019	서대문구	충현동	8,822	18,113	8,776	9,337	17,649	8,578	9,071	464	198	266	2	3,136
2019	서대문구	북아현동	7,499	17,525	8,337	9,188	17,094	8,166	8,928	431	171	260	2.28	2,268
2019	서대문구	신촌동	12,380	24,372	9,693	14,679	18,703	8,433	10,270	5,669	1,260	4,409	1.51	2,223
2019	서대문구	연희동	19,381	41,339	19,740	21,599	38,054	18,408	19,646	3,285	1,332	1,953	1.96	6,414
2019	마포구	소계	175,023	385,925	181,303	204,622	374,035	176,891	197,144	11,890	4,412	7,478	2.14	52,429
2019	마포구	용강동	9,160	22,441	10,655	11,786	21,920	10,370	11,550	521	285	236	2.39	2,839
2019	마포구	대흥동	7,133	13,575	6,196	7,379	11,548	5,603	5,945	2,027	593	1,434	1.62	1,871
2019	마포구	염리동	5,724	13,486	6,338	7,148	12,495	6,046	6,449	991	292	699	2.18	1,792
2019	마포구	신수동	10,126	23,877	11,605	12,272	23,353	11,417	11,936	524	188	336	2.31	3,216
2019	마포구	서교동	14,078	25,997	11,778	14,219	24,152	11,152	13,000	1,845	626	1,219	1.72	3,343
2019	마포구	합정동	9,599	19,153	8,879	10,274	18,721	8,712	10,009	432	167	265	1.95	2,614
2019	마포구	망원1동	10,647	21,856	10,279	11,577	21,477	10,123	11,354	379	156	223	2.02	3,310
2019	마포구	망원2동	8,383	19,386	9,196	10,190	19,182	9,120	10,062	204	76	128	2.29	2,890
2019	마포구	연남동	8,672	16,953	7,901	9,052	15,849	7,433	8,416	1,104	468	636	1.83	2,462
2019	마포구	성산1동	9,347	20,164	9,480	10,684	19,769	9,328	10,441	395	152	243	2.12	2,881
2019	마포구	성산2동	18,904	41,531	19,111	22,420	41,236	19,012	22,224	295	99	196	2.18	5,889
2019	마포구	상암동	12,782	32,882	15,686	17,196	32,225	15,380	16,845	657	306	351	2.52	3,771
2019	마포구	도화동	9,584	22,594	10,762	11,832	22,311	10,642	11,669	283	120	163	2.33	3,602
2019	마포구	서강동	11,663	26,163	12,275	13,888	25,165	11,985	13,180	998	290	708	2.16	3,068
2019	마포구	공덕동	19,030	40,509	19,253	21,256	39,776	18,894	20,882	733	359	374	2.09	5,920
2019	마포구	아현동	10,191	25,358	11,909	13,449	24,856	11,674	13,182	502	235	267	2.44	2,961
2019	양천구	소계	177,256	462,285	227,019	235,266	458,165	225,186	232,979	4,120	1,833	2,287	2.58	61,264
2019	양천구	목1동	10,487	32,173	15,456	16,717	31,940	15,348	16,592	233	108	125	3.05	2,907
2019	양천구	목2동	13,134	31,477	15,341	16,136	31,191	15,218	15,973	286	123	163	2.37	3,794
2019	양천구	목3동	9,975	23,095	11,115	11,980	22,904	11,033	11,871	191	82	109	2.3	3,050
2019	양천구	목4동	10,127	26,909	13,214	13,695	26,669	13,095	13,574	240	119	121	2.63	3,033
2019	양천구	신월1동	10,115	21,773	11,155	10,618	21,430	11,009	10,421	343	146	197	2.12	3,776
2019	양천구	신월2동	8,542	22,126	10,831	11,295	21,931	10,742	11,189	195	89	106	2.57	3,572
2019	양천구	신월3동	8,113	16,719	8,800	7,919	16,475	8,691	7,784	244	109	135	2.03	2,819
2019	양천구	신월4동	6,898	19,026	9,334	9,692	18,932	9,307	9,625	94	27	67	2.74	2,942
2019	양천구	신월5동	6,420	15,570	7,731	7,839	15,408	7,663	7,745	162	68	94	2.4	2,219
2019	양천구	신월6동	2,497	6,615	3,292	3,323	6,573	3,277	3,296	42	15	27	2.63	1,107
2019	양천구	신월7동	9,253	21,602	10,595	11,007	21,460	10,557	10,903	142	38	104	2.32	4,107
2019	양천구	신정1동	7,256	21,627	10,584	11,043	21,412	10,479	10,933	215	105	110	2.95	2,526
2019	양천구	신정2동	7,158	20,685	10,087	10,598	20,500	10,022	10,478	185	65	120	2.86	2,452
2019	양천구	신정3동	17,921	48,151	23,492	24,659	47,718	23,284	24,434	433	208	225	2.66	6,450
2019	양천구	신정6동	8,162	25,304	12,334	12,970	25,279	12,323	12,956	25	11	14	3.1	2,468
2019	양천구	신정7동	11,639	30,904	14,990	15,914	30,695	14,890	15,805	209	100	109	2.64	4,546
2019	양천구	목5동	13,555	42,948	21,214	21,734	42,885	21,184	21,701	63	30	33	3.16	3,969
2019	양천구	신정4동	16,004	35,581	17,454	18,127	34,763	17,064	17,699	818	390	428	2.17	5,527
2019	강서구	소계	262,708	598,273	289,691	308,582	591,796	286,563	305,233	6,477	3,128	3,349	2.25	84,077
2019	강서구	염창동	15,720	42,579	20,772	21,807	42,455	20,718	21,737	124	54	70	2.7	3,963
2019	강서구	등촌1동	12,155	23,717	11,208	12,509	23,496	11,134	12,362	221	74	147	1.93	2,663
2019	강서구	등촌2동	8,704	21,868	10,789	11,079	21,736	10,731	11,005	132	58	74	2.5	2,948
2019	강서구	등촌3동	14,768	32,506	15,439	17,067	32,310	15,358	16,952	196	81	115	2.19	6,050
2019	강서구	화곡본동	16,515	35,918	17,519	18,399	35,485	17,339	18,146	433	180	253	2.15	4,552
2019	강서구	화곡2동	8,214	19,487	9,450	10,037	19,163	9,312	9,851	324	138	186	2.33	2,721
2019	강서구	화곡3동	9,456	22,710	10,881	11,829	22,536	10,814	11,722	174	67	107	2.38	3,755
2019	강서구	화곡4동	9,643	22,044	10,801	11,243	21,674	10,642	11,032	370	159	211	2.25	3,533
2019	강서구	화곡6동	11,690	25,118	12,359	12,759	24,900	12,270	12,630	218	89	129	2.13	3,597
2019	강서구	화곡8동	11,684	26,509	12,759	13,750	25,996	12,527	13,469	513	232	281	2.22	4,060
2019	강서구	가양1동	19,130	34,154	16,001	18,153	33,806	15,790	18,016	348	211	137	1.77	2,786
2019	강서구	가양2동	8,076	15,140	7,172	7,968	15,052	7,148	7,904	88	24	64	1.86	3,640
2019	강서구	가양3동	7,921	16,199	7,606	8,593	16,086	7,560	8,526	113	46	67	2.03	3,369
2019	강서구	발산1동	13,554	38,507	18,331	20,176	38,348	18,271	20,077	159	60	99	2.83	4,383
2019	강서구	공항동	12,722	28,261	14,498	13,763	27,372	13,855	13,517	889	643	246	2.15	3,661
2019	강서구	방화1동	17,431	45,668	22,300	23,368	45,356	22,154	23,202	312	146	166	2.6	6,040
2019	강서구	방화2동	11,566	24,051	11,904	12,147	23,716	11,716	12,000	335	188	147	2.05	4,506
2019	강서구	방화3동	11,260	24,467	11,807	12,660	24,311	11,752	12,559	156	55	101	2.16	4,701
2019	강서구	화곡1동	26,415	54,562	26,601	27,961	53,420	26,091	27,329	1,142	510	632	2.02	7,812
2019	강서구	우장산동	16,084	44,808	21,494	23,314	44,578	21,381	23,197	230	113	117	2.77	5,337
2019	구로구	소계	176,568	439,371	219,602	219,769	406,664	200,987	205,677	32,707	18,615	14,092	2.3	65,779
2019	구로구	신도림동	13,396	37,188	18,200	18,988	36,849	18,009	18,840	339	191	148	2.75	4,312
2019	구로구	구로1동	8,256	22,097	10,894	11,203	21,621	10,643	10,978	476	251	225	2.62	2,279
2019	구로구	구로3동	13,150	26,290	13,433	12,857	24,280	12,337	11,943	2,010	1,096	914	1.85	3,281
2019	구로구	구로4동	10,541	26,219	13,282	12,937	20,911	10,195	10,716	5,308	3,087	2,221	1.98	4,323
2019	구로구	구로5동	14,467	33,426	16,428	16,998	29,812	14,398	15,414	3,614	2,030	1,584	2.06	4,398
2019	구로구	고척1동	9,562	24,182	12,117	12,065	23,706	11,875	11,831	476	242	234	2.48	4,033
2019	구로구	고척2동	11,649	28,950	14,370	14,580	28,334	14,046	14,288	616	324	292	2.43	4,716
2019	구로구	개봉2동	12,536	33,036	16,154	16,882	32,523	15,912	16,611	513	242	271	2.59	5,808
2019	구로구	개봉3동	8,846	22,005	10,764	11,241	21,500	10,519	10,981	505	245	260	2.43	3,848
2019	구로구	오류1동	11,321	23,295	11,402	11,893	22,563	11,051	11,512	732	351	381	1.99	3,705
2019	구로구	오류2동	20,494	53,500	26,039	27,461	52,659	25,620	27,039	841	419	422	2.57	7,618
2019	구로구	수궁동	9,863	24,890	12,350	12,540	24,523	12,157	12,366	367	193	174	2.49	3,989
2019	구로구	가리봉동	5,831	15,250	8,782	6,468	9,350	5,071	4,279	5,900	3,711	2,189	1.6	2,031
2019	구로구	구로2동	12,734	35,208	18,438	16,770	25,313	12,781	12,532	9,895	5,657	4,238	1.99	5,599
2019	구로구	개봉1동	13,922	33,835	16,949	16,886	32,720	16,373	16,347	1,115	576	539	2.35	5,839
2019	금천구	소계	110,622	251,820	128,954	122,866	232,810	118,209	114,601	19,010	10,745	8,265	2.1	37,660
2019	금천구	가산동	13,767	24,455	13,720	10,735	21,027	11,614	9,413	3,428	2,106	1,322	1.53	2,414
2019	금천구	독산1동	20,130	43,840	22,820	21,020	41,421	21,407	20,014	2,419	1,413	1,006	2.06	5,320
2019	금천구	독산2동	9,273	21,405	10,981	10,424	19,444	9,924	9,520	1,961	1,057	904	2.1	3,241
2019	금천구	독산3동	12,398	29,916	15,443	14,473	25,161	12,708	12,453	4,755	2,735	2,020	2.03	4,339
2019	금천구	독산4동	7,618	18,227	9,275	8,952	15,996	8,050	7,946	2,231	1,225	1,006	2.1	2,748
2019	금천구	시흥1동	15,888	36,706	18,486	18,220	34,335	17,190	17,145	2,371	1,296	1,075	2.16	5,803
2019	금천구	시흥2동	8,416	22,659	11,009	11,650	22,541	10,958	11,583	118	51	67	2.68	3,753
2019	금천구	시흥3동	4,734	11,524	5,787	5,737	11,360	5,705	5,655	164	82	82	2.4	2,195
2019	금천구	시흥4동	9,095	22,216	11,047	11,169	21,360	10,607	10,753	856	440	416	2.35	3,761
2019	금천구	시흥5동	9,303	20,872	10,386	10,486	20,165	10,046	10,119	707	340	367	2.17	4,086
2019	영등포구	소계	174,806	400,986	200,986	200,000	367,678	182,438	185,240	33,308	18,548	14,760	2.1	57,872
2019	영등포구	여의동	13,556	34,598	16,277	18,321	34,222	16,064	18,158	376	213	163	2.52	5,893
2019	영등포구	당산1동	10,627	21,524	10,561	10,963	20,989	10,308	10,681	535	253	282	1.98	3,212
2019	영등포구	당산2동	17,425	36,324	17,037	19,287	35,883	16,853	19,030	441	184	257	2.06	4,301
2019	영등포구	양평1동	9,023	18,263	9,120	9,143	17,900	8,930	8,970	363	190	173	1.98	2,401
2019	영등포구	양평2동	10,079	22,802	11,349	11,453	22,541	11,220	11,321	261	129	132	2.24	2,408
2019	영등포구	신길1동	10,158	19,750	10,122	9,628	17,664	8,958	8,706	2,086	1,164	922	1.74	3,252
2019	영등포구	신길3동	7,631	18,727	9,317	9,410	17,335	8,549	8,786	1,392	768	624	2.27	2,958
2019	영등포구	신길4동	4,298	9,985	5,078	4,907	8,977	4,492	4,485	1,008	586	422	2.09	1,806
2019	영등포구	신길5동	4,133	10,670	5,323	5,347	9,055	4,399	4,656	1,615	924	691	2.19	1,861
2019	영등포구	신길6동	8,445	19,434	9,634	9,800	18,198	8,940	9,258	1,236	694	542	2.15	3,101
2019	영등포구	신길7동	6,548	17,075	8,531	8,544	16,855	8,426	8,429	220	105	115	2.57	2,036
2019	영등포구	대림1동	6,375	16,332	8,430	7,902	12,885	6,454	6,431	3,447	1,976	1,471	2.02	2,781
2019	영등포구	대림2동	6,840	21,370	11,179	10,191	12,673	6,176	6,497	8,697	5,003	3,694	1.85	2,870
2019	영등포구	대림3동	10,460	28,638	14,696	13,942	23,730	11,930	11,800	4,908	2,766	2,142	2.27	4,107
2019	영등포구	영등포본동	10,221	24,813	12,785	12,028	21,950	11,217	10,733	2,863	1,568	1,295	2.15	3,856
2019	영등포구	영등포동	17,233	27,166	14,767	12,399	26,450	14,422	12,028	716	345	371	1.53	3,351
2019	영등포구	도림동	9,291	21,552	10,996	10,556	18,636	9,429	9,207	2,916	1,567	1,349	2.01	3,285
2019	영등포구	문래동	12,463	31,963	15,784	16,179	31,735	15,671	16,064	228	113	115	2.55	4,393
2019	동작구	소계	180,753	408,912	197,706	211,206	395,963	191,976	203,987	12,949	5,730	7,219	2.19	62,226
2019	동작구	노량진2동	7,195	13,789	7,100	6,689	12,784	6,572	6,212	1,005	528	477	1.78	2,604
2019	동작구	상도1동	21,298	48,153	23,171	24,982	45,819	22,285	23,534	2,334	886	1,448	2.15	6,625
2019	동작구	상도2동	12,827	29,270	14,038	15,232	28,872	13,866	15,006	398	172	226	2.25	4,252
2019	동작구	상도3동	11,929	26,041	12,500	13,541	25,626	12,307	13,319	415	193	222	2.15	4,165
2019	동작구	상도4동	13,434	29,893	14,593	15,300	29,468	14,404	15,064	425	189	236	2.19	4,685
2019	동작구	사당1동	13,089	24,026	11,459	12,567	23,363	11,130	12,233	663	329	334	1.78	3,550
2019	동작구	사당3동	10,587	26,034	12,644	13,390	25,744	12,511	13,233	290	133	157	2.43	4,195
2019	동작구	사당4동	7,003	14,921	7,142	7,779	14,714	7,041	7,673	207	101	106	2.1	2,489
2019	동작구	사당5동	5,677	12,886	6,237	6,649	12,760	6,187	6,573	126	50	76	2.25	1,980
2019	동작구	대방동	17,152	40,177	19,164	21,013	39,725	18,937	20,788	452	227	225	2.32	5,390
2019	동작구	신대방1동	9,929	26,599	12,993	13,606	23,894	11,515	12,379	2,705	1,478	1,227	2.41	3,518
2019	동작구	신대방2동	9,307	20,719	9,953	10,766	20,419	9,820	10,599	300	133	167	2.19	2,893
2019	동작구	흑석동	14,302	35,551	16,921	18,630	32,777	15,979	16,798	2,774	942	1,832	2.29	5,506
2019	동작구	노량진1동	15,113	32,563	16,142	16,421	32,202	15,991	16,211	361	151	210	2.13	5,419
2019	동작구	사당2동	11,911	28,290	13,649	14,641	27,796	13,431	14,365	494	218	276	2.33	4,955
2019	관악구	소계	268,559	517,334	259,194	258,140	500,094	251,009	249,085	17,240	8,185	9,055	1.86	75,194
2019	관악구	보라매동	12,364	26,496	12,956	13,540	25,147	12,306	12,841	1,349	650	699	2.03	4,224
2019	관악구	청림동	6,578	16,286	7,969	8,317	16,144	7,904	8,240	142	65	77	2.45	2,628
2019	관악구	행운동	17,032	30,061	14,590	15,471	29,526	14,398	15,128	535	192	343	1.73	4,135
2019	관악구	낙성대동	10,757	17,623	8,803	8,820	16,876	8,476	8,400	747	327	420	1.57	1,927
2019	관악구	중앙동	9,409	15,895	7,614	8,281	15,458	7,424	8,034	437	190	247	1.64	2,316
2019	관악구	인헌동	14,098	27,088	13,251	13,837	26,703	13,099	13,604	385	152	233	1.89	3,751
2019	관악구	남현동	9,394	18,980	9,116	9,864	18,780	9,031	9,749	200	85	115	2	2,605
2019	관악구	서원동	13,893	24,068	12,270	11,798	23,194	11,852	11,342	874	418	456	1.67	3,159
2019	관악구	신원동	10,530	19,742	9,912	9,830	18,510	9,286	9,224	1,232	626	606	1.76	3,086
2019	관악구	서림동	14,106	24,339	13,324	11,015	23,727	13,084	10,643	612	240	372	1.68	3,341
2019	관악구	신사동	13,240	25,960	13,068	12,892	22,862	11,441	11,421	3,098	1,627	1,471	1.73	3,379
2019	관악구	신림동	16,720	22,525	11,455	11,070	21,645	11,053	10,592	880	402	478	1.29	1,895
2019	관악구	난향동	6,460	16,394	8,086	8,308	16,275	8,025	8,250	119	61	58	2.52	2,668
2019	관악구	조원동	10,305	19,579	10,020	9,559	17,530	8,890	8,640	2,049	1,130	919	1.7	2,659
2019	관악구	대학동	15,751	24,457	14,546	9,911	23,549	14,206	9,343	908	340	568	1.5	2,687
2019	관악구	은천동	15,879	35,337	17,317	18,020	34,671	17,018	17,653	666	299	367	2.18	5,546
2019	관악구	성현동	12,444	31,175	15,083	16,092	30,968	14,997	15,971	207	86	121	2.49	5,160
2019	관악구	청룡동	21,054	34,440	16,548	17,892	33,075	15,951	17,124	1,365	597	768	1.57	4,113
2019	관악구	난곡동	12,943	28,912	14,557	14,355	28,346	14,283	14,063	566	274	292	2.19	5,033
2019	관악구	삼성동	11,461	25,226	12,665	12,561	25,041	12,593	12,448	185	72	113	2.18	5,530
2019	관악구	미성동	14,141	32,751	16,044	16,707	32,067	15,692	16,375	684	352	332	2.27	5,352
2019	서초구	소계	173,199	435,107	208,181	226,926	430,826	206,039	224,787	4,281	2,142	2,139	2.49	57,136
2019	서초구	서초1동	9,364	21,579	10,398	11,181	21,358	10,297	11,061	221	101	120	2.28	2,898
2019	서초구	서초2동	8,406	18,837	8,996	9,841	18,508	8,799	9,709	329	197	132	2.2	2,091
2019	서초구	서초3동	13,544	30,951	15,103	15,848	30,631	14,947	15,684	320	156	164	2.26	4,391
2019	서초구	서초4동	11,039	31,988	15,549	16,439	31,687	15,382	16,305	301	167	134	2.87	3,899
2019	서초구	잠원동	14,042	35,131	16,676	18,455	34,914	16,576	18,338	217	100	117	2.49	3,848
2019	서초구	반포본동	4,133	12,190	5,737	6,453	12,122	5,701	6,421	68	36	32	2.93	1,885
2019	서초구	반포1동	14,373	33,237	15,983	17,254	32,868	15,823	17,045	369	160	209	2.29	3,332
2019	서초구	반포2동	5,117	16,385	7,830	8,555	16,208	7,742	8,466	177	88	89	3.17	1,859
2019	서초구	반포3동	7,053	20,390	9,618	10,772	20,329	9,585	10,744	61	33	28	2.88	2,412
2019	서초구	반포4동	7,321	20,232	9,579	10,653	19,665	9,279	10,386	567	300	267	2.69	2,663
2019	서초구	방배본동	7,891	21,585	10,058	11,527	21,383	9,962	11,421	202	96	106	2.71	2,924
2019	서초구	방배1동	7,617	17,524	8,232	9,292	17,388	8,169	9,219	136	63	73	2.28	2,713
2019	서초구	방배2동	8,792	20,958	9,861	11,097	20,803	9,782	11,021	155	79	76	2.37	3,364
2019	서초구	방배3동	8,444	22,455	10,835	11,620	22,290	10,747	11,543	165	88	77	2.64	3,552
2019	서초구	방배4동	9,747	24,083	11,065	13,018	23,785	10,927	12,858	298	138	160	2.44	3,231
2019	서초구	양재1동	18,243	45,940	21,997	23,943	45,569	21,818	23,751	371	179	192	2.5	6,379
2019	서초구	양재2동	10,776	23,161	11,669	11,492	22,900	11,532	11,368	261	137	124	2.13	2,720
2019	서초구	내곡동	7,297	18,481	8,995	9,486	18,418	8,971	9,447	63	24	39	2.52	2,975
2019	강남구	소계	232,981	550,209	263,345	286,864	545,169	260,806	284,363	5,040	2,539	2,501	2.34	71,025
2019	강남구	신사동	7,429	17,546	8,177	9,369	17,254	8,013	9,241	292	164	128	2.32	2,900
2019	강남구	논현1동	14,275	23,792	11,100	12,692	23,149	10,781	12,368	643	319	324	1.62	2,869
2019	강남구	논현2동	11,370	21,904	10,200	11,704	21,597	10,051	11,546	307	149	158	1.9	2,972
2019	강남구	삼성1동	5,945	14,920	7,464	7,456	14,659	7,290	7,369	261	174	87	2.47	2,108
2019	강남구	삼성2동	13,501	30,674	14,649	16,025	30,440	14,512	15,928	234	137	97	2.25	3,251
2019	강남구	대치1동	7,401	25,302	12,704	12,598	25,256	12,679	12,577	46	25	21	3.41	2,199
2019	강남구	대치4동	10,181	20,822	9,840	10,982	20,526	9,699	10,827	296	141	155	2.02	1,956
2019	강남구	역삼1동	23,650	37,002	17,849	19,153	36,003	17,372	18,631	999	477	522	1.52	3,517
2019	강남구	역삼2동	15,528	37,336	17,533	19,803	37,005	17,353	19,652	331	180	151	2.38	3,479
2019	강남구	도곡1동	8,556	22,626	10,704	11,922	22,467	10,618	11,849	159	86	73	2.63	2,782
2019	강남구	도곡2동	11,813	34,437	16,008	18,429	34,324	15,940	18,384	113	68	45	2.91	4,415
2019	강남구	개포1동	2,737	6,920	3,345	3,575	6,895	3,333	3,562	25	12	13	2.52	1,507
2019	강남구	개포4동	7,745	18,405	9,041	9,364	18,236	8,963	9,273	169	78	91	2.35	2,260
2019	강남구	일원본동	8,181	24,399	11,982	12,417	24,365	11,964	12,401	34	18	16	2.98	2,618
2019	강남구	일원1동	7,519	16,438	8,024	8,414	16,281	7,972	8,309	157	52	105	2.17	3,015
2019	강남구	일원2동	7,356	18,160	8,753	9,407	18,088	8,728	9,360	72	25	47	2.46	3,001
2019	강남구	수서동	7,872	15,934	7,322	8,612	15,857	7,296	8,561	77	26	51	2.01	4,099
2019	강남구	세곡동	17,833	45,064	21,470	23,594	44,868	21,391	23,477	196	79	117	2.52	6,051
2019	강남구	압구정동	10,687	27,712	12,719	14,993	27,542	12,640	14,902	170	79	91	2.58	4,894
2019	강남구	청담동	12,553	30,120	14,187	15,933	29,862	14,044	15,818	258	143	115	2.38	3,998
2019	강남구	대치2동	12,920	38,647	19,625	19,022	38,494	19,538	18,956	153	87	66	2.98	4,335
2019	강남구	개포2동	7,929	22,049	10,649	11,400	22,001	10,629	11,372	48	20	28	2.77	2,799
2019	송파구	소계	278,711	682,741	330,412	352,329	675,961	327,164	348,797	6,780	3,248	3,532	2.43	87,334
2019	송파구	풍납1동	6,581	15,518	7,691	7,827	14,681	7,264	7,417	837	427	410	2.23	2,743
2019	송파구	풍납2동	10,694	25,288	12,022	13,266	25,096	11,927	13,169	192	95	97	2.35	3,419
2019	송파구	거여1동	5,493	13,221	6,734	6,487	13,114	6,696	6,418	107	38	69	2.39	2,165
2019	송파구	거여2동	7,187	16,921	8,312	8,609	16,842	8,284	8,558	79	28	51	2.34	3,007
2019	송파구	마천1동	9,072	20,764	10,597	10,167	20,559	10,518	10,041	205	79	126	2.27	3,990
2019	송파구	마천2동	8,686	20,242	10,254	9,988	20,060	10,177	9,883	182	77	105	2.31	3,843
2019	송파구	방이1동	6,262	16,524	7,970	8,554	16,394	7,907	8,487	130	63	67	2.62	2,023
2019	송파구	방이2동	13,511	26,044	12,441	13,603	25,505	12,187	13,318	539	254	285	1.89	3,248
2019	송파구	오륜동	5,957	18,864	9,274	9,590	18,853	9,269	9,584	11	5	6	3.16	2,375
2019	송파구	오금동	15,838	41,067	19,990	21,077	40,858	19,884	20,974	209	106	103	2.58	5,646
2019	송파구	송파1동	12,446	26,026	12,273	13,753	25,563	12,030	13,533	463	243	220	2.05	3,223
2019	송파구	송파2동	7,414	20,862	10,069	10,793	20,691	9,984	10,707	171	85	86	2.79	2,672
2019	송파구	석촌동	16,993	34,309	16,465	17,844	33,574	16,116	17,458	735	349	386	1.98	4,151
2019	송파구	삼전동	16,269	32,613	15,514	17,099	32,201	15,340	16,861	412	174	238	1.98	3,678
2019	송파구	가락본동	11,901	27,876	13,809	14,067	27,511	13,632	13,879	365	177	188	2.31	3,392
2019	송파구	가락1동	9,810	27,716	13,492	14,224	27,624	13,454	14,170	92	38	54	2.82	2,776
2019	송파구	가락2동	12,326	33,920	16,638	17,282	33,701	16,535	17,166	219	103	116	2.73	3,797
2019	송파구	문정1동	8,555	21,301	10,521	10,780	21,095	10,428	10,667	206	93	113	2.47	2,697
2019	송파구	문정2동	15,486	29,967	13,937	16,030	29,788	13,858	15,930	179	79	100	1.92	3,546
2019	송파구	장지동	12,957	33,055	16,028	17,027	32,833	15,905	16,928	222	123	99	2.53	4,124
2019	송파구	위례동	9,011	28,296	13,768	14,528	28,238	13,750	14,488	58	18	40	3.13	1,922
2019	송파구	잠실본동	15,191	29,628	14,012	15,616	29,043	13,736	15,307	585	276	309	1.91	3,475
2019	송파구	잠실4동	7,482	22,240	10,724	11,516	22,157	10,685	11,472	83	39	44	2.96	2,522
2019	송파구	잠실6동	5,926	17,441	8,332	9,109	17,249	8,224	9,025	192	108	84	2.91	2,577
2019	송파구	잠실7동	3,481	10,191	4,748	5,443	10,178	4,742	5,436	13	6	7	2.92	2,006
2019	송파구	잠실2동	11,986	36,809	17,607	19,202	36,710	17,548	19,162	99	59	40	3.06	3,245
2019	송파구	잠실3동	12,196	36,038	17,190	18,848	35,843	17,084	18,759	195	106	89	2.94	5,072
2019	강동구	소계	183,390	440,390	217,338	223,052	436,067	215,335	220,732	4,323	2,003	2,320	2.38	63,452
2019	강동구	강일동	11,159	32,127	15,534	16,593	31,973	15,456	16,517	154	78	76	2.87	4,527
2019	강동구	상일동	4,109	10,773	5,356	5,417	10,690	5,322	5,368	83	34	49	2.6	1,579
2019	강동구	명일1동	9,915	26,758	13,095	13,663	26,666	13,061	13,605	92	34	58	2.69	3,521
2019	강동구	명일2동	5,985	17,778	8,790	8,988	17,735	8,776	8,959	43	14	29	2.96	2,255
2019	강동구	고덕1동	9,069	27,079	13,754	13,325	26,965	13,689	13,276	114	65	49	2.97	2,652
2019	강동구	고덕2동	7,501	19,345	9,889	9,456	19,245	9,835	9,410	100	54	46	2.57	2,372
2019	강동구	암사2동	6,054	14,774	7,208	7,566	14,727	7,185	7,542	47	23	24	2.43	2,123
2019	강동구	암사3동	6,366	18,693	9,148	9,545	18,636	9,121	9,515	57	27	30	2.93	2,368
2019	강동구	천호1동	12,807	28,400	13,987	14,413	28,086	13,870	14,216	314	117	197	2.19	4,789
2019	강동구	천호3동	13,720	27,996	13,805	14,191	27,452	13,540	13,912	544	265	279	2	4,479
2019	강동구	성내1동	8,143	20,561	9,953	10,608	20,434	9,897	10,537	127	56	71	2.51	2,821
2019	강동구	성내2동	12,513	25,186	12,462	12,724	24,406	12,070	12,336	780	392	388	1.95	3,990
2019	강동구	성내3동	10,330	23,921	11,825	12,096	23,641	11,706	11,935	280	119	161	2.29	3,432
2019	강동구	둔촌1동	164	283	134	149	268	128	140	15	6	9	1.63	94
2019	강동구	둔촌2동	11,212	27,752	13,701	14,051	27,624	13,647	13,977	128	54	74	2.46	4,010
2019	강동구	암사1동	16,144	36,693	18,145	18,548	36,368	18,013	18,355	325	132	193	2.25	5,623
2019	강동구	천호2동	17,602	35,904	17,865	18,039	35,101	17,457	17,644	803	408	395	1.99	5,692
2019	강동구	길동	20,597	46,367	22,687	23,680	46,050	22,562	23,488	317	125	192	2.24	7,125